# MONGODB_URL=mongodb+srv://rsatyam1296:5JHqesEmk9OGhY5u@cluster0.zpgojee.mongodb.net/TCM

# PROJECT_TCM2_DB=mongodb+srv://rsatyam1296:FWNSGwgy93MHwvp1@cluster0.vgidu02.mongodb.net/TCM-2?retryWrites=true&w=majority

#PROJECT_TCM_DB=mongodb+srv://sabyas:egAFYcI5PfQ5ad9S@cluster0.xz00a0z.mongodb.net/?retryWrites=true&w=majority
# PROJECT_TCM_DB=mongodb+srv://amritakumari:9ezXloPeSygV2GCx@cluster0.tcwzpuy.mongodb.net/TransparentCarbonMarket?retryWrites=true&w=majority
PROJECT_GREEN_HACKERS_DB=mongodb+srv://rsatyam1296:vi6bRyXorn4s2XnW@cluster0.hzhg2ql.mongodb.net/GREEN_HACKERS_DB?retryWrites=true&w=majority
# GOVERNMENT CREDENTIALS //ravi//Govt
MY_ACCOUNT_ID=0.0.460870
OPERATOR_PBKEY=302a300506032b6570032100f94b2260cfe9b5835b702db39154f6c020061fde5ac2aa19c9534cfd049c8cb0
MY_PRIVATE_KEY=302e020100300506032b657004220420bf32f4b707380cb9790a4153ec70612127191175f97ad2c2865f412a0990f59e
###---------- Account 1 credential----------------###=undefined//Emitter 1
Account1_Id= 0.0.460900 
Account1_PBKEY=302a300506032b65700321006baf171cdf2be2e49de48580d9c5aca53a025b411bed8021a01a87adf6b96ed7
Account1_PVKEY=302e020100300506032b657004220420ce3d21c946a26048d975d62e65f6a84af11acd410bf5cf9bb359dd234511403d 
###---------- Account 2 credential----------------###=undefined // Emitter 2
Account2_Id= 0.0.460901 
Account2_PBKEY=302a300506032b65700321007a2f9b37c53086ac54d08bb168aa413f34c50836146f7759d7d17b5ff368c025
Account2_PVKEY=302e020100300506032b6570042204201ad0bae96d059f029988209fea8b0e90265b2c05efba104fa7dba2bd0bc02679 
###---------- Account 3 credential----------------###=undefined
Account3_Id= 0.0.460902 
Account3_PBKEY=302a300506032b65700321007bd853a1183bea95d3e6cf75063528990b29d7fbdf6d19cf21d7b5fc4ac84d6d
Account3_PVKEY=302e020100300506032b657004220420e79604ea46ae60297033cef983674ffd3975a74969172e581c7b21390b6979c4 
###---------- Account 4 credential----------------###=undefined
Account4_Id= 0.0.460903 
Account4_PBKEY=302a300506032b6570032100d9cb0f4a53658f41b8aff3041b44bc40bc74a4c725228c71b991cfeb6e36f626
Account4_PVKEY=302e020100300506032b657004220420b1990722a2495e564dbac5e0020e069cc53b84a5dd22265c6f7faba96059693f 
###---------- Account 5 credential----------------###=undefined // MRV
Account5_Id= 0.0.460904 
Account5_PBKEY=302a300506032b65700321000af1869ffa686d714917b29a4d1d1a01027eceee4c3e45579d347165b7c5cf33
Account5_PVKEY=302e020100300506032b65700422042056e55cef9cb21f731a29c42724fa93b2a99b0362463e616c96793ee9ebebe85a 
#---------------------- Token ID --------------------------
TOKEN_ID=0.0.1626069

#---------------------- Scheduled ID --------------------------
# SCHEDULE_ID=0.0.4010655


# MY_HASHPACK_ACCOUNT=0.0.4352265


PORT=5001



